sample	cell_line	env_o2	n_targets	n_bootstraps	n_processed	n_pseudoaligned	n_unique	p_pseudoaligned	p_unique
831	MCF7	hypoxia	205792	100	10033870	8186328	1640436	81.6	16.3
832	MCF7	normoxia	205792	100	14330436	11962689	2767422	83.5	19.3
837	MDA-MB-231	hypoxia	205792	100	10286315	8412821	1861463	81.8	18.1
838	MDA-MB-231	normoxia	205792	100	6652121	5568924	1230837	83.7	18.5
841	MDA-MB-468	hypoxia	205792	100	11213402	9573016	2083010	85.4	18.6
842	MDA-MB-468	normoxia	205792	100	6362390	5469318	1211549	86.0	19.0
857	T-47D	hypoxia	205792	100	9024797	7656851	1868352	84.8	20.7
858	T-47D	normoxia	205792	100	19444287	16609217	4178737	85.4	21.5

